{
 "cells": [
  {
   "cell_type": "code",
   "execution_count": 3,
   "metadata": {},
   "outputs": [],
   "source": [
    "import pandas as pd\n",
    "import plotly.express as px\n",
    "import plotly.graph_objects as go\n",
    "pd.set_option('display.max_columns', None)\n",
    "\n",
    "data = pd.read_csv('NBA_player_data.csv')"
   ]
  },
  {
   "cell_type": "code",
   "execution_count": 4,
   "metadata": {},
   "outputs": [
    {
     "data": {
      "text/html": [
       "<div>\n",
       "<style scoped>\n",
       "    .dataframe tbody tr th:only-of-type {\n",
       "        vertical-align: middle;\n",
       "    }\n",
       "\n",
       "    .dataframe tbody tr th {\n",
       "        vertical-align: top;\n",
       "    }\n",
       "\n",
       "    .dataframe thead th {\n",
       "        text-align: right;\n",
       "    }\n",
       "</style>\n",
       "<table border=\"1\" class=\"dataframe\">\n",
       "  <thead>\n",
       "    <tr style=\"text-align: right;\">\n",
       "      <th></th>\n",
       "      <th>Year</th>\n",
       "      <th>Season_type</th>\n",
       "      <th>PLAYER_ID</th>\n",
       "      <th>RANK</th>\n",
       "      <th>PLAYER</th>\n",
       "      <th>TEAM</th>\n",
       "      <th>GP</th>\n",
       "      <th>MIN</th>\n",
       "      <th>FGM</th>\n",
       "      <th>FGA</th>\n",
       "      <th>FG_PCT</th>\n",
       "      <th>FG3M</th>\n",
       "      <th>FG3A</th>\n",
       "      <th>FG3_PCT</th>\n",
       "      <th>FTM</th>\n",
       "      <th>FTA</th>\n",
       "      <th>FT_PCT</th>\n",
       "      <th>OREB</th>\n",
       "      <th>DREB</th>\n",
       "      <th>REB</th>\n",
       "      <th>AST</th>\n",
       "      <th>STL</th>\n",
       "      <th>BLK</th>\n",
       "      <th>TOV</th>\n",
       "      <th>PF</th>\n",
       "      <th>PTS</th>\n",
       "      <th>EFF</th>\n",
       "      <th>AST_TOV</th>\n",
       "      <th>STL_TOV</th>\n",
       "    </tr>\n",
       "  </thead>\n",
       "  <tbody>\n",
       "    <tr>\n",
       "      <th>5838</th>\n",
       "      <td>2020-21</td>\n",
       "      <td>Regular%20Season</td>\n",
       "      <td>1627826</td>\n",
       "      <td>147</td>\n",
       "      <td>Ivica Zubac</td>\n",
       "      <td>LAC</td>\n",
       "      <td>72</td>\n",
       "      <td>1609</td>\n",
       "      <td>257</td>\n",
       "      <td>394</td>\n",
       "      <td>0.652</td>\n",
       "      <td>1</td>\n",
       "      <td>4</td>\n",
       "      <td>0.250</td>\n",
       "      <td>135</td>\n",
       "      <td>171</td>\n",
       "      <td>0.789</td>\n",
       "      <td>189</td>\n",
       "      <td>330</td>\n",
       "      <td>519</td>\n",
       "      <td>90</td>\n",
       "      <td>24</td>\n",
       "      <td>62</td>\n",
       "      <td>81</td>\n",
       "      <td>187</td>\n",
       "      <td>650</td>\n",
       "      <td>1091</td>\n",
       "      <td>1.11</td>\n",
       "      <td>0.30</td>\n",
       "    </tr>\n",
       "    <tr>\n",
       "      <th>3908</th>\n",
       "      <td>2017-18</td>\n",
       "      <td>Regular%20Season</td>\n",
       "      <td>1628504</td>\n",
       "      <td>453</td>\n",
       "      <td>Xavier Rathan-Mayes</td>\n",
       "      <td>MEM</td>\n",
       "      <td>5</td>\n",
       "      <td>118</td>\n",
       "      <td>12</td>\n",
       "      <td>42</td>\n",
       "      <td>0.286</td>\n",
       "      <td>1</td>\n",
       "      <td>14</td>\n",
       "      <td>0.071</td>\n",
       "      <td>4</td>\n",
       "      <td>9</td>\n",
       "      <td>0.444</td>\n",
       "      <td>0</td>\n",
       "      <td>5</td>\n",
       "      <td>5</td>\n",
       "      <td>18</td>\n",
       "      <td>6</td>\n",
       "      <td>3</td>\n",
       "      <td>11</td>\n",
       "      <td>18</td>\n",
       "      <td>29</td>\n",
       "      <td>15</td>\n",
       "      <td>1.64</td>\n",
       "      <td>0.55</td>\n",
       "    </tr>\n",
       "    <tr>\n",
       "      <th>3366</th>\n",
       "      <td>2016-17</td>\n",
       "      <td>Playoffs</td>\n",
       "      <td>203477</td>\n",
       "      <td>128</td>\n",
       "      <td>Isaiah Canaan</td>\n",
       "      <td>CHI</td>\n",
       "      <td>3</td>\n",
       "      <td>95</td>\n",
       "      <td>13</td>\n",
       "      <td>26</td>\n",
       "      <td>0.500</td>\n",
       "      <td>5</td>\n",
       "      <td>14</td>\n",
       "      <td>0.357</td>\n",
       "      <td>4</td>\n",
       "      <td>6</td>\n",
       "      <td>0.667</td>\n",
       "      <td>0</td>\n",
       "      <td>4</td>\n",
       "      <td>4</td>\n",
       "      <td>4</td>\n",
       "      <td>3</td>\n",
       "      <td>0</td>\n",
       "      <td>5</td>\n",
       "      <td>6</td>\n",
       "      <td>35</td>\n",
       "      <td>26</td>\n",
       "      <td>0.80</td>\n",
       "      <td>0.60</td>\n",
       "    </tr>\n",
       "    <tr>\n",
       "      <th>1245</th>\n",
       "      <td>2013-14</td>\n",
       "      <td>Playoffs</td>\n",
       "      <td>202710</td>\n",
       "      <td>86</td>\n",
       "      <td>Jimmy Butler</td>\n",
       "      <td>CHI</td>\n",
       "      <td>5</td>\n",
       "      <td>218</td>\n",
       "      <td>22</td>\n",
       "      <td>57</td>\n",
       "      <td>0.386</td>\n",
       "      <td>6</td>\n",
       "      <td>20</td>\n",
       "      <td>0.300</td>\n",
       "      <td>18</td>\n",
       "      <td>23</td>\n",
       "      <td>0.783</td>\n",
       "      <td>6</td>\n",
       "      <td>20</td>\n",
       "      <td>26</td>\n",
       "      <td>11</td>\n",
       "      <td>6</td>\n",
       "      <td>0</td>\n",
       "      <td>3</td>\n",
       "      <td>13</td>\n",
       "      <td>68</td>\n",
       "      <td>68</td>\n",
       "      <td>3.67</td>\n",
       "      <td>2.00</td>\n",
       "    </tr>\n",
       "    <tr>\n",
       "      <th>4619</th>\n",
       "      <td>2018-19</td>\n",
       "      <td>Regular%20Season</td>\n",
       "      <td>1629057</td>\n",
       "      <td>415</td>\n",
       "      <td>Robert Williams III</td>\n",
       "      <td>BOS</td>\n",
       "      <td>32</td>\n",
       "      <td>283</td>\n",
       "      <td>36</td>\n",
       "      <td>51</td>\n",
       "      <td>0.706</td>\n",
       "      <td>0</td>\n",
       "      <td>0</td>\n",
       "      <td>0.000</td>\n",
       "      <td>9</td>\n",
       "      <td>15</td>\n",
       "      <td>0.600</td>\n",
       "      <td>27</td>\n",
       "      <td>54</td>\n",
       "      <td>81</td>\n",
       "      <td>7</td>\n",
       "      <td>9</td>\n",
       "      <td>40</td>\n",
       "      <td>10</td>\n",
       "      <td>36</td>\n",
       "      <td>81</td>\n",
       "      <td>187</td>\n",
       "      <td>0.70</td>\n",
       "      <td>0.90</td>\n",
       "    </tr>\n",
       "    <tr>\n",
       "      <th>2489</th>\n",
       "      <td>2015-16</td>\n",
       "      <td>Regular%20Season</td>\n",
       "      <td>1627362</td>\n",
       "      <td>428</td>\n",
       "      <td>Briante Weber</td>\n",
       "      <td>MIA</td>\n",
       "      <td>7</td>\n",
       "      <td>169</td>\n",
       "      <td>14</td>\n",
       "      <td>39</td>\n",
       "      <td>0.359</td>\n",
       "      <td>0</td>\n",
       "      <td>5</td>\n",
       "      <td>0.000</td>\n",
       "      <td>3</td>\n",
       "      <td>4</td>\n",
       "      <td>0.750</td>\n",
       "      <td>8</td>\n",
       "      <td>17</td>\n",
       "      <td>25</td>\n",
       "      <td>21</td>\n",
       "      <td>9</td>\n",
       "      <td>3</td>\n",
       "      <td>9</td>\n",
       "      <td>12</td>\n",
       "      <td>31</td>\n",
       "      <td>54</td>\n",
       "      <td>2.33</td>\n",
       "      <td>1.00</td>\n",
       "    </tr>\n",
       "    <tr>\n",
       "      <th>5871</th>\n",
       "      <td>2020-21</td>\n",
       "      <td>Regular%20Season</td>\n",
       "      <td>1630191</td>\n",
       "      <td>180</td>\n",
       "      <td>Isaiah Stewart</td>\n",
       "      <td>DET</td>\n",
       "      <td>68</td>\n",
       "      <td>1455</td>\n",
       "      <td>226</td>\n",
       "      <td>409</td>\n",
       "      <td>0.553</td>\n",
       "      <td>21</td>\n",
       "      <td>63</td>\n",
       "      <td>0.333</td>\n",
       "      <td>64</td>\n",
       "      <td>92</td>\n",
       "      <td>0.696</td>\n",
       "      <td>159</td>\n",
       "      <td>294</td>\n",
       "      <td>453</td>\n",
       "      <td>59</td>\n",
       "      <td>39</td>\n",
       "      <td>86</td>\n",
       "      <td>67</td>\n",
       "      <td>184</td>\n",
       "      <td>537</td>\n",
       "      <td>896</td>\n",
       "      <td>0.88</td>\n",
       "      <td>0.58</td>\n",
       "    </tr>\n",
       "    <tr>\n",
       "      <th>615</th>\n",
       "      <td>2012-13</td>\n",
       "      <td>Playoffs</td>\n",
       "      <td>201947</td>\n",
       "      <td>148</td>\n",
       "      <td>Earl Clark</td>\n",
       "      <td>LAL</td>\n",
       "      <td>4</td>\n",
       "      <td>82</td>\n",
       "      <td>7</td>\n",
       "      <td>19</td>\n",
       "      <td>0.368</td>\n",
       "      <td>0</td>\n",
       "      <td>4</td>\n",
       "      <td>0.000</td>\n",
       "      <td>0</td>\n",
       "      <td>0</td>\n",
       "      <td>0.000</td>\n",
       "      <td>2</td>\n",
       "      <td>10</td>\n",
       "      <td>12</td>\n",
       "      <td>1</td>\n",
       "      <td>1</td>\n",
       "      <td>1</td>\n",
       "      <td>6</td>\n",
       "      <td>4</td>\n",
       "      <td>14</td>\n",
       "      <td>11</td>\n",
       "      <td>0.17</td>\n",
       "      <td>0.17</td>\n",
       "    </tr>\n",
       "    <tr>\n",
       "      <th>3587</th>\n",
       "      <td>2017-18</td>\n",
       "      <td>Regular%20Season</td>\n",
       "      <td>1628381</td>\n",
       "      <td>134</td>\n",
       "      <td>John Collins</td>\n",
       "      <td>ATL</td>\n",
       "      <td>74</td>\n",
       "      <td>1785</td>\n",
       "      <td>314</td>\n",
       "      <td>545</td>\n",
       "      <td>0.576</td>\n",
       "      <td>16</td>\n",
       "      <td>47</td>\n",
       "      <td>0.340</td>\n",
       "      <td>133</td>\n",
       "      <td>186</td>\n",
       "      <td>0.715</td>\n",
       "      <td>176</td>\n",
       "      <td>365</td>\n",
       "      <td>541</td>\n",
       "      <td>98</td>\n",
       "      <td>47</td>\n",
       "      <td>80</td>\n",
       "      <td>105</td>\n",
       "      <td>215</td>\n",
       "      <td>777</td>\n",
       "      <td>1154</td>\n",
       "      <td>0.93</td>\n",
       "      <td>0.45</td>\n",
       "    </tr>\n",
       "    <tr>\n",
       "      <th>5074</th>\n",
       "      <td>2019-20</td>\n",
       "      <td>Regular%20Season</td>\n",
       "      <td>1629634</td>\n",
       "      <td>129</td>\n",
       "      <td>Brandon Clarke</td>\n",
       "      <td>MEM</td>\n",
       "      <td>58</td>\n",
       "      <td>1300</td>\n",
       "      <td>296</td>\n",
       "      <td>479</td>\n",
       "      <td>0.618</td>\n",
       "      <td>23</td>\n",
       "      <td>64</td>\n",
       "      <td>0.359</td>\n",
       "      <td>85</td>\n",
       "      <td>112</td>\n",
       "      <td>0.759</td>\n",
       "      <td>92</td>\n",
       "      <td>253</td>\n",
       "      <td>345</td>\n",
       "      <td>81</td>\n",
       "      <td>32</td>\n",
       "      <td>48</td>\n",
       "      <td>55</td>\n",
       "      <td>100</td>\n",
       "      <td>700</td>\n",
       "      <td>941</td>\n",
       "      <td>1.47</td>\n",
       "      <td>0.58</td>\n",
       "    </tr>\n",
       "  </tbody>\n",
       "</table>\n",
       "</div>"
      ],
      "text/plain": [
       "         Year       Season_type  PLAYER_ID  RANK               PLAYER TEAM  \\\n",
       "5838  2020-21  Regular%20Season    1627826   147          Ivica Zubac  LAC   \n",
       "3908  2017-18  Regular%20Season    1628504   453  Xavier Rathan-Mayes  MEM   \n",
       "3366  2016-17          Playoffs     203477   128        Isaiah Canaan  CHI   \n",
       "1245  2013-14          Playoffs     202710    86         Jimmy Butler  CHI   \n",
       "4619  2018-19  Regular%20Season    1629057   415  Robert Williams III  BOS   \n",
       "2489  2015-16  Regular%20Season    1627362   428        Briante Weber  MIA   \n",
       "5871  2020-21  Regular%20Season    1630191   180       Isaiah Stewart  DET   \n",
       "615   2012-13          Playoffs     201947   148           Earl Clark  LAL   \n",
       "3587  2017-18  Regular%20Season    1628381   134         John Collins  ATL   \n",
       "5074  2019-20  Regular%20Season    1629634   129       Brandon Clarke  MEM   \n",
       "\n",
       "      GP   MIN  FGM  FGA  FG_PCT  FG3M  FG3A  FG3_PCT  FTM  FTA  FT_PCT  OREB  \\\n",
       "5838  72  1609  257  394   0.652     1     4    0.250  135  171   0.789   189   \n",
       "3908   5   118   12   42   0.286     1    14    0.071    4    9   0.444     0   \n",
       "3366   3    95   13   26   0.500     5    14    0.357    4    6   0.667     0   \n",
       "1245   5   218   22   57   0.386     6    20    0.300   18   23   0.783     6   \n",
       "4619  32   283   36   51   0.706     0     0    0.000    9   15   0.600    27   \n",
       "2489   7   169   14   39   0.359     0     5    0.000    3    4   0.750     8   \n",
       "5871  68  1455  226  409   0.553    21    63    0.333   64   92   0.696   159   \n",
       "615    4    82    7   19   0.368     0     4    0.000    0    0   0.000     2   \n",
       "3587  74  1785  314  545   0.576    16    47    0.340  133  186   0.715   176   \n",
       "5074  58  1300  296  479   0.618    23    64    0.359   85  112   0.759    92   \n",
       "\n",
       "      DREB  REB  AST  STL  BLK  TOV   PF  PTS   EFF  AST_TOV  STL_TOV  \n",
       "5838   330  519   90   24   62   81  187  650  1091     1.11     0.30  \n",
       "3908     5    5   18    6    3   11   18   29    15     1.64     0.55  \n",
       "3366     4    4    4    3    0    5    6   35    26     0.80     0.60  \n",
       "1245    20   26   11    6    0    3   13   68    68     3.67     2.00  \n",
       "4619    54   81    7    9   40   10   36   81   187     0.70     0.90  \n",
       "2489    17   25   21    9    3    9   12   31    54     2.33     1.00  \n",
       "5871   294  453   59   39   86   67  184  537   896     0.88     0.58  \n",
       "615     10   12    1    1    1    6    4   14    11     0.17     0.17  \n",
       "3587   365  541   98   47   80  105  215  777  1154     0.93     0.45  \n",
       "5074   253  345   81   32   48   55  100  700   941     1.47     0.58  "
      ]
     },
     "execution_count": 4,
     "metadata": {},
     "output_type": "execute_result"
    }
   ],
   "source": [
    "data.sample(10)"
   ]
  },
  {
   "cell_type": "code",
   "execution_count": 5,
   "metadata": {},
   "outputs": [
    {
     "data": {
      "text/plain": [
       "(7293, 29)"
      ]
     },
     "execution_count": 5,
     "metadata": {},
     "output_type": "execute_result"
    }
   ],
   "source": [
    "data.shape"
   ]
  },
  {
   "cell_type": "markdown",
   "metadata": {},
   "source": [
    "# DATA CLEANING AND ANALYSIS"
   ]
  },
  {
   "cell_type": "markdown",
   "metadata": {},
   "source": []
  },
  {
   "cell_type": "code",
   "execution_count": 6,
   "metadata": {},
   "outputs": [],
   "source": [
    "data.drop(columns=['RANK','EFF'], inplace=True)\n"
   ]
  },
  {
   "cell_type": "code",
   "execution_count": 7,
   "metadata": {},
   "outputs": [],
   "source": [
    "data['season_start_year'] =data['Year'].str[:4].astype(int)"
   ]
  },
  {
   "cell_type": "code",
   "execution_count": 8,
   "metadata": {},
   "outputs": [],
   "source": [
    "data['TEAM'].replace(to_replace=['NOP','NOH'], value='NO', inplace=True)"
   ]
  },
  {
   "cell_type": "code",
   "execution_count": 9,
   "metadata": {},
   "outputs": [],
   "source": [
    "data['Season_type'].replace('Regular%20Season', 'RS', inplace=True)"
   ]
  },
  {
   "cell_type": "code",
   "execution_count": 10,
   "metadata": {},
   "outputs": [],
   "source": [
    "rs_df = data[data['Season_type']=='RS']\n",
    "playoffs_df = data[data['Season_type']=='Playoffs']"
   ]
  },
  {
   "cell_type": "code",
   "execution_count": 11,
   "metadata": {},
   "outputs": [],
   "source": [
    "total_cols = ['MIN','FGM','FGA','FG3M','FG3A','FTM','FTA',\n",
    "              'OREB','DREB','REB','AST','STL','BLK','TOV','PTS']"
   ]
  },
  {
   "cell_type": "markdown",
   "metadata": {},
   "source": [
    "# Which player stats are correlated with each other?"
   ]
  },
  {
   "cell_type": "code",
   "execution_count": 12,
   "metadata": {},
   "outputs": [
    {
     "name": "stderr",
     "output_type": "stream",
     "text": [
      "C:\\Users\\colli\\AppData\\Local\\Temp\\ipykernel_43924\\3632397438.py:18: FutureWarning: The default value of numeric_only in DataFrame.corr is deprecated. In a future version, it will default to False. Select only valid columns or specify the value of numeric_only to silence this warning.\n",
      "  fig = px.imshow(data_per_min.corr())\n"
     ]
    },
    {
     "data": {
      "application/vnd.plotly.v1+json": {
       "config": {
        "plotlyServerURL": "https://plot.ly"
       },
       "data": [
        {
         "coloraxis": "coloraxis",
         "hovertemplate": "x: %{x}<br>y: %{y}<br>color: %{z}<extra></extra>",
         "name": "0",
         "type": "heatmap",
         "x": [
          "MIN",
          "FGM",
          "FGA",
          "FG3M",
          "FG3A",
          "FTM",
          "FTA",
          "OREB",
          "DREB",
          "REB",
          "AST",
          "STL",
          "BLK",
          "TOV",
          "PTS",
          "FG%",
          "3PT%",
          "FT%",
          "FG3A%",
          "PTS/FGA",
          "FG3M/FGM",
          "FTA/FGA",
          "TRU%",
          "AST_TOV"
         ],
         "xaxis": "x",
         "y": [
          "MIN",
          "FGM",
          "FGA",
          "FG3M",
          "FG3A",
          "FTM",
          "FTA",
          "OREB",
          "DREB",
          "REB",
          "AST",
          "STL",
          "BLK",
          "TOV",
          "PTS",
          "FG%",
          "3PT%",
          "FT%",
          "FG3A%",
          "PTS/FGA",
          "FG3M/FGM",
          "FTA/FGA",
          "TRU%",
          "AST_TOV"
         ],
         "yaxis": "y",
         "z": [
          [
           1,
           0.4333327256949777,
           0.34903585324482167,
           0.17808858253891763,
           0.09653263601444634,
           0.3412873799095989,
           0.27032814395027976,
           -0.10723913662096196,
           0.04337194557255486,
           -0.016957289820265127,
           0.2441285883550467,
           0.06836322189192671,
           -0.05298257779868077,
           0.13978895204172648,
           0.45990040808139915,
           0.21304090563100161,
           0.16844308468212513,
           0.25595616836165286,
           -0.024284510547973207,
           0.2698125213842093,
           0.004087943012649655,
           0.0197305608248226,
           0.33883597306549895,
           0.0815345021534757
          ],
          [
           0.4333327256949777,
           1,
           0.8730055557095369,
           0.18043891678642818,
           0.12805106807266045,
           0.6064170925046641,
           0.5608877468556295,
           0.0837265127315947,
           0.22403574516116276,
           0.1835770202980766,
           0.21916183429064512,
           -0.01878250639100065,
           0.07456225663774613,
           0.39414557024089764,
           0.9561695110484774,
           0.40610665748048785,
           0.11677031339338517,
           0.22549636369552878,
           -0.22648003271143935,
           0.3440038422943398,
           -0.21427433181157804,
           0.030657029050671983,
           0.4220427911415783,
           -0.09554277118376187
          ],
          [
           0.34903585324482167,
           0.8730055557095369,
           1,
           0.4094386555245501,
           0.4277948672476143,
           0.5491250193424262,
           0.4579847595923321,
           -0.20812052422133206,
           -0.017604605657200883,
           -0.10013145741129613,
           0.3294160304174089,
           0.02989584418510393,
           -0.16745102141630033,
           0.41931064609992913,
           0.8968830020889149,
           -0.06553063369714875,
           0.16950977678108026,
           0.3265901644587344,
           0.04938246112599893,
           -0.029820125168464887,
           0.040824844454824816,
           -0.1387165696345,
           0.04558178315362503,
           0.020899792103641165
          ],
          [
           0.17808858253891763,
           0.18043891678642818,
           0.4094386555245501,
           1,
           0.9581480204561199,
           -0.026343481245467704,
           -0.16934196776070395,
           -0.6206382546273013,
           -0.39872916037303874,
           -0.5272826276714216,
           0.1595180443098924,
           0.0027766387253599445,
           -0.43930941964954257,
           -0.072549222908587,
           0.3485898501488736,
           -0.36838466401393904,
           0.5779776508083284,
           0.4038773876092499,
           0.8455282594309318,
           -0.07491961111478337,
           0.8685262676830032,
           -0.3995163771444317,
           0.1408923559566597,
           0.23446306342236123
          ],
          [
           0.09653263601444634,
           0.12805106807266045,
           0.4277948672476143,
           0.9581480204561199,
           1,
           -0.04091683957995135,
           -0.1817713068061862,
           -0.6549590690098208,
           -0.4269371730244302,
           -0.5605086054968071,
           0.18009882996811052,
           0.030083962998325078,
           -0.4664254280708305,
           -0.04982719552616572,
           0.29634514553620245,
           -0.4998869850688262,
           0.46582844219282754,
           0.3839515065233941,
           0.8866610075492636,
           -0.21727904405647822,
           0.8546122137489226,
           -0.4242189740217315,
           -0.030552488812638695,
           0.2503941857820912
          ],
          [
           0.3412873799095989,
           0.6064170925046641,
           0.5491250193424262,
           -0.026343481245467704,
           -0.04091683957995135,
           1,
           0.9513148290569983,
           0.10133965040028112,
           0.19489806530055395,
           0.17182208510257532,
           0.24657269424072292,
           0.04075463165988836,
           0.07314741687743485,
           0.4543908229016799,
           0.7365938369913929,
           0.2059778632382898,
           -0.0047174961764360895,
           0.28372106681949705,
           -0.2867587156257586,
           0.490115262146766,
           -0.2825793806158052,
           0.590675300194071,
           0.28782240470640125,
           -0.09992578415507322
          ],
          [
           0.27032814395027976,
           0.5608877468556295,
           0.4579847595923321,
           -0.16934196776070395,
           -0.1817713068061862,
           0.9513148290569983,
           1,
           0.25228455578832754,
           0.2962126620019499,
           0.3029285582800322,
           0.16915347170133646,
           0.04132390415252553,
           0.18760358343730363,
           0.45768545872366356,
           0.6566974944106745,
           0.2871171856688906,
           -0.09431003031826483,
           0.02926827986308222,
           -0.4101734214041972,
           0.5125548430473694,
           -0.4018150488809002,
           0.7086763424898864,
           0.25092631884986366,
           -0.18086240256961156
          ],
          [
           -0.10723913662096196,
           0.0837265127315947,
           -0.20812052422133206,
           -0.6206382546273013,
           -0.6549590690098208,
           0.10133965040028112,
           0.25228455578832754,
           1,
           0.6816614266225731,
           0.8754796611668305,
           -0.3900618010830383,
           -0.13471900205036086,
           0.6184198019572112,
           -0.008294770492431896,
           -0.04707686581232335,
           0.5608447454064459,
           -0.4143119725415618,
           -0.3756952721948539,
           -0.6636812542421486,
           0.3412040607613144,
           -0.6320582848162597,
           0.3978862793722684,
           0.2020897664938065,
           -0.4328348124496792
          ],
          [
           0.04337194557255486,
           0.22403574516116276,
           -0.017604605657200883,
           -0.39872916037303874,
           -0.4269371730244302,
           0.19489806530055395,
           0.2962126620019499,
           0.6816614266225731,
           1,
           0.9503627900164167,
           -0.2468476271633095,
           -0.13245056653630036,
           0.5519689184978724,
           0.10568255506699997,
           0.13353063178171798,
           0.47553164593584063,
           -0.25646739165092725,
           -0.24810301072361926,
           -0.4753080982011335,
           0.3315220067577109,
           -0.45849677567129005,
           0.30780617564798635,
           0.23973290568049055,
           -0.35630144971635347
          ],
          [
           -0.016957289820265127,
           0.1835770202980766,
           -0.10013145741129613,
           -0.5272826276714216,
           -0.5605086054968071,
           0.17182208510257532,
           0.3029285582800322,
           0.8754796611668305,
           0.9503627900164167,
           1,
           -0.3289139323132629,
           -0.14477117293766506,
           0.6275516580410085,
           0.06627427778593135,
           0.06817528606345975,
           0.5525820794721038,
           -0.34378962748872177,
           -0.3235521890363573,
           -0.5961659719246605,
           0.3640631149110065,
           -0.5716145943751487,
           0.3725034720099514,
           0.2442790846146572,
           -0.41883870361051473
          ],
          [
           0.2441285883550467,
           0.21916183429064512,
           0.3294160304174089,
           0.1595180443098924,
           0.18009882996811052,
           0.24657269424072292,
           0.16915347170133646,
           -0.3900618010830383,
           -0.2468476271633095,
           -0.3289139323132629,
           1,
           0.3123058966273523,
           -0.33805051619842946,
           0.5857523437878828,
           0.27000898492963493,
           -0.17099139272417746,
           0.1078424419192513,
           0.21099677571058376,
           0.0716997331049365,
           -0.09812862240632841,
           0.05045335906914121,
           -0.0648139458531914,
           -0.08755734146143647,
           0.6095639861919199
          ],
          [
           0.06836322189192671,
           -0.01878250639100065,
           0.02989584418510393,
           0.0027766387253599445,
           0.030083962998325078,
           0.04075463165988836,
           0.04132390415252553,
           -0.13471900205036086,
           -0.13245056653630036,
           -0.14477117293766506,
           0.3123058966273523,
           1,
           -0.08775905360416787,
           0.19772035301733915,
           -0.0011501898394251522,
           -0.09859821956181915,
           -0.009304192474929328,
           -0.025241886066652404,
           0.02940442880260225,
           -0.08275271541287733,
           0.0034664508978810783,
           -0.009458191200015642,
           -0.0945733765826157,
           0.18282471754539267
          ],
          [
           -0.05298257779868077,
           0.07456225663774613,
           -0.16745102141630033,
           -0.43930941964954257,
           -0.4664254280708305,
           0.07314741687743485,
           0.18760358343730363,
           0.6184198019572112,
           0.5519689184978724,
           0.6275516580410085,
           -0.33805051619842946,
           -0.08775905360416787,
           1,
           -0.022961747081279942,
           -0.02163871674727818,
           0.47374291925686773,
           -0.2723540601889123,
           -0.30553593169360244,
           -0.4753435293509413,
           0.3051908809607583,
           -0.4525971079595036,
           0.296209438172417,
           0.2134650119394333,
           -0.36142553846844466
          ],
          [
           0.13978895204172648,
           0.39414557024089764,
           0.41931064609992913,
           -0.072549222908587,
           -0.04982719552616572,
           0.4543908229016799,
           0.45768545872366356,
           -0.008294770492431896,
           0.10568255506699997,
           0.06627427778593135,
           0.5857523437878828,
           0.19772035301733915,
           -0.022961747081279942,
           1,
           0.4084929699236213,
           0.027284153494131498,
           -0.061396719128264624,
           0.03477200115798711,
           -0.24174343465030657,
           0.04428373990066318,
           -0.2558980546409547,
           0.18884644251722496,
           -0.04945807833290363,
           -0.13697070850968182
          ],
          [
           0.45990040808139915,
           0.9561695110484774,
           0.8968830020889149,
           0.3485898501488736,
           0.29634514553620245,
           0.7365938369913929,
           0.6566974944106745,
           -0.04707686581232335,
           0.13353063178171798,
           0.06817528606345975,
           0.27000898492963493,
           -0.0011501898394251522,
           -0.02163871674727818,
           0.4084929699236213,
           1,
           0.2776660430434055,
           0.21008682145825813,
           0.3406568130779085,
           -0.06264903680168661,
           0.38161134000873176,
           -0.04728381697855049,
           0.1080742301283514,
           0.4274511676044653,
           -0.047441613518672966
          ],
          [
           0.21304090563100161,
           0.40610665748048785,
           -0.06553063369714875,
           -0.36838466401393904,
           -0.4998869850688262,
           0.2059778632382898,
           0.2871171856688906,
           0.5608447454064459,
           0.47553164593584063,
           0.5525820794721038,
           -0.17099139272417746,
           -0.09859821956181915,
           0.47374291925686773,
           0.027284153494131498,
           0.2776660430434055,
           1,
           -0.07922872894725008,
           -0.15924210534846714,
           -0.5667458076413358,
           0.7957163153145073,
           -0.5215111751209757,
           0.3344136707209615,
           0.8122537756232279,
           -0.252204023890388
          ],
          [
           0.16844308468212513,
           0.11677031339338517,
           0.16950977678108026,
           0.5779776508083284,
           0.46582844219282754,
           -0.0047174961764360895,
           -0.09431003031826483,
           -0.4143119725415618,
           -0.25646739165092725,
           -0.34378962748872177,
           0.1078424419192513,
           -0.009304192474929328,
           -0.2723540601889123,
           -0.061396719128264624,
           0.21008682145825813,
           -0.07922872894725008,
           1,
           0.27101720869255824,
           0.45672114228675403,
           0.13052686729540117,
           0.5246925750023562,
           -0.24431066394977588,
           0.27671826218823137,
           0.15604204393542717
          ],
          [
           0.25595616836165286,
           0.22549636369552878,
           0.3265901644587344,
           0.4038773876092499,
           0.3839515065233941,
           0.28372106681949705,
           0.02926827986308222,
           -0.3756952721948539,
           -0.24810301072361926,
           -0.3235521890363573,
           0.21099677571058376,
           -0.025241886066652404,
           -0.30553593169360244,
           0.03477200115798711,
           0.3406568130779085,
           -0.15924210534846714,
           0.27101720869255824,
           1,
           0.31172292080734515,
           0.08888705571662205,
           0.31566584155943483,
           -0.17755502329203096,
           0.21863781922134634,
           0.19891932470778864
          ],
          [
           -0.024284510547973207,
           -0.22648003271143935,
           0.04938246112599893,
           0.8455282594309318,
           0.8866610075492636,
           -0.2867587156257586,
           -0.4101734214041972,
           -0.6636812542421486,
           -0.4753080982011335,
           -0.5961659719246605,
           0.0716997331049365,
           0.02940442880260225,
           -0.4753435293509413,
           -0.24174343465030657,
           -0.06264903680168661,
           -0.5667458076413358,
           0.45672114228675403,
           0.31172292080734515,
           1,
           -0.2757200926605028,
           0.9646387356553158,
           -0.47388288830548336,
           -0.0768271357974206,
           0.30167442481910384
          ],
          [
           0.2698125213842093,
           0.3440038422943398,
           -0.029820125168464887,
           -0.07491961111478337,
           -0.21727904405647822,
           0.490115262146766,
           0.5125548430473694,
           0.3412040607613144,
           0.3315220067577109,
           0.3640631149110065,
           -0.09812862240632841,
           -0.08275271541287733,
           0.3051908809607583,
           0.04428373990066318,
           0.38161134000873176,
           0.7957163153145073,
           0.13052686729540117,
           0.08888705571662205,
           -0.2757200926605028,
           1,
           -0.21879061731006502,
           0.6402988714281915,
           0.890151381862078,
           -0.17647357426499422
          ],
          [
           0.004087943012649655,
           -0.21427433181157804,
           0.040824844454824816,
           0.8685262676830032,
           0.8546122137489226,
           -0.2825793806158052,
           -0.4018150488809002,
           -0.6320582848162597,
           -0.45849677567129005,
           -0.5716145943751487,
           0.05045335906914121,
           0.0034664508978810783,
           -0.4525971079595036,
           -0.2558980546409547,
           -0.04728381697855049,
           -0.5215111751209757,
           0.5246925750023562,
           0.31566584155943483,
           0.9646387356553158,
           -0.21879061731006502,
           1,
           -0.4549383547064031,
           -0.014765851687362778,
           0.2888704562986622
          ],
          [
           0.0197305608248226,
           0.030657029050671983,
           -0.1387165696345,
           -0.3995163771444317,
           -0.4242189740217315,
           0.590675300194071,
           0.7086763424898864,
           0.3978862793722684,
           0.30780617564798635,
           0.3725034720099514,
           -0.0648139458531914,
           -0.009458191200015642,
           0.296209438172417,
           0.18884644251722496,
           0.1080742301283514,
           0.3344136707209615,
           -0.24431066394977588,
           -0.17755502329203096,
           -0.47388288830548336,
           0.6402988714281915,
           -0.4549383547064031,
           1,
           0.22741452277105692,
           -0.22649063635052072
          ],
          [
           0.33883597306549895,
           0.4220427911415783,
           0.04558178315362503,
           0.1408923559566597,
           -0.030552488812638695,
           0.28782240470640125,
           0.25092631884986366,
           0.2020897664938065,
           0.23973290568049055,
           0.2442790846146572,
           -0.08755734146143647,
           -0.0945733765826157,
           0.2134650119394333,
           -0.04945807833290363,
           0.4274511676044653,
           0.8122537756232279,
           0.27671826218823137,
           0.21863781922134634,
           -0.0768271357974206,
           0.890151381862078,
           -0.014765851687362778,
           0.22741452277105692,
           1,
           -0.09727987766510926
          ],
          [
           0.0815345021534757,
           -0.09554277118376187,
           0.020899792103641165,
           0.23446306342236123,
           0.2503941857820912,
           -0.09992578415507322,
           -0.18086240256961156,
           -0.4328348124496792,
           -0.35630144971635347,
           -0.41883870361051473,
           0.6095639861919199,
           0.18282471754539267,
           -0.36142553846844466,
           -0.13697070850968182,
           -0.047441613518672966,
           -0.252204023890388,
           0.15604204393542717,
           0.19891932470778864,
           0.30167442481910384,
           -0.17647357426499422,
           0.2888704562986622,
           -0.22649063635052072,
           -0.09727987766510926,
           1
          ]
         ]
        }
       ],
       "layout": {
        "coloraxis": {
         "colorscale": [
          [
           0,
           "#0d0887"
          ],
          [
           0.1111111111111111,
           "#46039f"
          ],
          [
           0.2222222222222222,
           "#7201a8"
          ],
          [
           0.3333333333333333,
           "#9c179e"
          ],
          [
           0.4444444444444444,
           "#bd3786"
          ],
          [
           0.5555555555555556,
           "#d8576b"
          ],
          [
           0.6666666666666666,
           "#ed7953"
          ],
          [
           0.7777777777777778,
           "#fb9f3a"
          ],
          [
           0.8888888888888888,
           "#fdca26"
          ],
          [
           1,
           "#f0f921"
          ]
         ]
        },
        "margin": {
         "t": 60
        },
        "template": {
         "data": {
          "bar": [
           {
            "error_x": {
             "color": "#2a3f5f"
            },
            "error_y": {
             "color": "#2a3f5f"
            },
            "marker": {
             "line": {
              "color": "#E5ECF6",
              "width": 0.5
             },
             "pattern": {
              "fillmode": "overlay",
              "size": 10,
              "solidity": 0.2
             }
            },
            "type": "bar"
           }
          ],
          "barpolar": [
           {
            "marker": {
             "line": {
              "color": "#E5ECF6",
              "width": 0.5
             },
             "pattern": {
              "fillmode": "overlay",
              "size": 10,
              "solidity": 0.2
             }
            },
            "type": "barpolar"
           }
          ],
          "carpet": [
           {
            "aaxis": {
             "endlinecolor": "#2a3f5f",
             "gridcolor": "white",
             "linecolor": "white",
             "minorgridcolor": "white",
             "startlinecolor": "#2a3f5f"
            },
            "baxis": {
             "endlinecolor": "#2a3f5f",
             "gridcolor": "white",
             "linecolor": "white",
             "minorgridcolor": "white",
             "startlinecolor": "#2a3f5f"
            },
            "type": "carpet"
           }
          ],
          "choropleth": [
           {
            "colorbar": {
             "outlinewidth": 0,
             "ticks": ""
            },
            "type": "choropleth"
           }
